0,493
82,198
82,197
82,196
82,195
82,194
82,193
82,192
0,492
69,2
0,491
70,2
71,2
71,6
71,5
71,4
70,6
70,5
70,4
69,4
82,133
82,132
82,131
82,130
82,129
82,128
82,70
82,69
82,68
82,67
82,66
82,65
82,64
82,63
82,62
82,61
82,60
82,59
82,58
82,57
82,56
82,55
82,54
82,53
17,2
17,1
17,3
15,2
15,1
15,3
16,2
16,1
16,3
13,2
14,2
4,16
4,40
4,41
4,26
4,4
4,79
4,38
4,9
4,91
4,23
4,36
4,2
4,3
6,5
6,8
6,6
6,2
6,3
7,7
7,8
7,10
7,4
7,5
7,13
7,1
7,9
7,2
7,3
5,4
5,2
5,1
5,3
82,52
82,51
82,50
82,49
82,48
82,47
82,46
82,45
82,44
82,43
82,42
82,41
82,40
82,39
82,38
82,37
82,36
82,35
69,1
69,3
68,1
68,3
70,1
70,3
71,1
71,3
10,8
10,6
10,4
10,126
10,146
10,18
10,24
10,124
11,15
